"RC1","RC2","RC3","RC4"
0.574,0.121,0.131,0.079
0.581,0.181,0.099,0.088
0.531,0.125,0.137,0.067
0.604,0.2,0.001,0.01
0.532,0.176,0.202,-0.098
0.489,-0.041,-0.016,0.428
0.457,0.278,0.128,0.15
0.572,0.273,0,-0.26
0.468,0.049,0.21,-0.05
0.545,0.02,0,0.17
0.111,0.784,0.063,0.053
0.088,0.615,0.284,0.185
0.134,0.596,0.155,0.02
0.237,0.559,-0.072,0.113
0.201,0.601,0.146,0.043
0.368,0.403,0.027,0.176
0.102,0.511,0.005,0.121
0.157,0.192,0.648,-0.117
0.271,0.036,0.381,0.238
0.054,0.046,0.66,0.089
0.142,0.02,0.574,-0.124
0.104,0.059,0.47,0.25
-0.039,0.196,0.444,0.367
0.031,0.195,0.014,0.732
0.086,0.245,0.118,0.549
